# Camera response curve, channel IR
# data layout: log10(response) | camera output | response
# name: IR
# type: matrix
# rows: 256
# columns: 3
    -2.360834360    0     0.004356780
    -2.079875946    1     0.008320016
    -1.797817111    2     0.015928794
    -1.668626189    3     0.021447357
    -1.555726051    4     0.027814670
    -1.480028510    5     0.033110939
    -1.407717466    6     0.039109524
    -1.355506897    7     0.044105534
    -1.310488820    8     0.048922785
    -1.268079877    9     0.053941134
    -1.227807403   10     0.059182405
    -1.188547730   11     0.064781681
    -1.160756469   12     0.069062695
    -1.132676840   13     0.073675513
    -1.110226989   14     0.077584155
    -1.090699077   15     0.081152320
    -1.063016415   16     0.086493514
    -1.033114791   17     0.092658482
    -1.006342173   18     0.098550282
    -0.988555074   19     0.102670327
    -0.972246826   20     0.106599018
    -0.950217187   21     0.112145744
    -0.924660146   22     0.118943267
    -0.903575838   23     0.124860242
    -0.884210646   24     0.130553752
    -0.865457833   25     0.136314526
    -0.848735332   26     0.141665682
    -0.832918584   27     0.146920159
    -0.818373978   28     0.151923865
    -0.804029047   29     0.157025769
    -0.787556767   30     0.163095981
    -0.774109125   31     0.168225139
    -0.762146115   32     0.172923446
    -0.748774529   33     0.178330436
    -0.735500515   34     0.183865175
    -0.720475674   35     0.190337479
    -0.706762433   36     0.196443453
    -0.694205582   37     0.202206179
    -0.680969715   38     0.208463624
    -0.669224083   39     0.214178532
    -0.658989429   40     0.219285816
    -0.650549412   41     0.223589078
    -0.640107870   42     0.229029879
    -0.628859997   43     0.235039026
    -0.614950001   44     0.242688954
    -0.602042258   45     0.250010222
    -0.586205542   46     0.259295195
    -0.573967755   47     0.266705662
    -0.562007546   48     0.274152637
    -0.551301539   49     0.280994922
    -0.542573333   50     0.286699325
    -0.531845033   51     0.293869793
    -0.521834612   52     0.300722122
    -0.511028171   53     0.308298796
    -0.501496613   54     0.315139890
    -0.491146952   55     0.322740197
    -0.480720758   56     0.330582023
    -0.469378024   57     0.339329779
    -0.458537608   58     0.347906381
    -0.448280007   59     0.356221378
    -0.440476716   60     0.362679720
    -0.432271212   61     0.369597286
    -0.423493475   62     0.377143413
    -0.414640784   63     0.384910017
    -0.406157821   64     0.392502278
    -0.397260100   65     0.400626719
    -0.388545543   66     0.408746898
    -0.379289538   67     0.417551905
    -0.370813549   68     0.425781161
    -0.363675147   69     0.432837486
    -0.358153731   70     0.438375503
    -0.351371497   71     0.445275187
    -0.345653683   72     0.451176345
    -0.339012891   73     0.458128273
    -0.332805812   74     0.464723021
    -0.328170359   75     0.469709814
    -0.321735352   76     0.476721406
    -0.315578431   77     0.483527929
    -0.306928486   78     0.493255019
    -0.298778594   79     0.502598763
    -0.289529741   80     0.513417006
    -0.279854923   81     0.524982810
    -0.273267508   82     0.533006489
    -0.266233653   83     0.541709363
    -0.260539770   84     0.548858285
    -0.253331631   85     0.558043897
    -0.247777402   86     0.565226614
    -0.242247984   87     0.572469056
    -0.237770095   88     0.578402162
    -0.231834441   89     0.586361647
    -0.227076426   90     0.592821002
    -0.221251994   91     0.600825012
    -0.216064334   92     0.608044922
    -0.210361764   93     0.616081595
    -0.202477083   94     0.627368808
    -0.193724468   95     0.640140831
    -0.184583828   96     0.653756738
    -0.175851777   97     0.667034388
    -0.167342111   98     0.680233300
    -0.161033645   99     0.690186322
    -0.155079395  100     0.699714065
    -0.150402084  101     0.707290649
    -0.145103812  102     0.715972245
    -0.140250117  103     0.724018872
    -0.133942023  104     0.734611928
    -0.127855927  105     0.744979084
    -0.121412754  106     0.756113946
    -0.113806099  107     0.769473910
    -0.107850358  108     0.780098855
    -0.100676715  109     0.793091476
    -0.093698174  110     0.805938363
    -0.087702177  111     0.817142546
    -0.080330186  112     0.831131637
    -0.074366570  113     0.842623234
    -0.068972386  114     0.853154361
    -0.062483277  115     0.865997672
    -0.058362585  116     0.874253571
    -0.052754603  117     0.885615885
    -0.047014445  118     0.897398949
    -0.042231858  119     0.907335997
    -0.038610779  120     0.914932847
    -0.033584487  121     0.925583303
    -0.029083777  122     0.935225248
    -0.024619613  123     0.944888115
    -0.017961355  124     0.959486008
    -0.012689519  125     0.971204042
    -0.005523684  126     0.987361789
     0.000000000  127     1.000000000
     0.007621130  128     1.017703176
     0.013666280  129     1.031968117
     0.020758273  130     1.048958421
     0.026175618  131     1.062124968
     0.031233530  132     1.074567080
     0.036416210  133     1.087467313
     0.040689815  134     1.098221183
     0.046184387  135     1.112203836
     0.050755516  136     1.123972058
     0.056830861  137     1.139805794
     0.062520064  138     1.154835343
     0.067712203  139     1.168724656
     0.072605141  140     1.181966424
     0.077869587  141     1.196381211
     0.083270013  142     1.211351037
     0.087798499  143     1.224048138
     0.093718648  144     1.240848184
     0.098458953  145     1.254466176
     0.104808517  146     1.272941709
     0.109523013  147     1.286835432
     0.115150131  148     1.303617358
     0.119689353  149     1.317314148
     0.125104249  150     1.333841562
     0.129970759  151     1.348872066
     0.135638699  152     1.366591454
     0.140933320  153     1.383353949
     0.145650759  154     1.398462296
     0.150788441  155     1.415104270
     0.155056551  156     1.429080009
     0.159573719  157     1.444021702
     0.164076835  158     1.459072351
     0.168252006  159     1.473167062
     0.172079861  160     1.486208916
     0.176951826  161     1.502975225
     0.181532025  162     1.518909931
     0.186323732  163     1.535761356
     0.190449715  164     1.550421238
     0.194907516  165     1.566417456
     0.199914575  166     1.584581494
     0.204377636  167     1.600949526
     0.210560068  168     1.623902917
     0.216496766  169     1.646253705
     0.221513256  170     1.665379643
     0.227166548  171     1.687199950
     0.233154714  172     1.710624576
     0.238827825  173     1.733116746
     0.244173303  174     1.754580498
     0.249834523  175     1.777601957
     0.255319685  176     1.800195575
     0.260651052  177     1.822430849
     0.266168475  178     1.845731258
     0.272144943  179     1.871306539
     0.277622908  180     1.895059705
     0.283522248  181     1.920977354
     0.289317101  182     1.946781039
     0.295108080  183     1.972913623
     0.300688982  184     1.998430252
     0.306966960  185     2.027528524
     0.314158857  186     2.061383724
     0.320389509  187     2.091170788
     0.325609297  188     2.116456270
     0.331072927  189     2.143250465
     0.336813569  190     2.171768665
     0.341002941  191     2.192819834
     0.345061570  192     2.213408470
     0.348734707  193     2.232208252
     0.354454428  194     2.261801243
     0.360710323  195     2.294617653
     0.366431952  196     2.325048208
     0.373266697  197     2.361928225
     0.379437774  198     2.395729542
     0.385634452  199     2.430157661
     0.391733229  200     2.464524984
     0.397991061  201     2.500293970
     0.403098404  202     2.529871225
     0.408194721  203     2.559733391
     0.411835730  204     2.581283569
     0.416714758  205     2.610446215
